1.499983250568775475e+02 2.100537575859330541e+00
1.499219233237316189e+02 1.870985118064250718e+00
1.502291852403631367e+02 2.304656192954772198e+00
1.505511672374019838e+02 2.038821330546404464e+00
1.501114180486580096e+02 2.531910375373328748e+00
1.501614072807752507e+02 1.887131720916878530e+00
1.497073317481050765e+02 2.202128104323842539e+00
1.503525791105328437e+02 2.539371119055554349e+00
1.496962431055968636e+02 1.912117451964690407e+00
1.504037991670604129e+02 1.858501679979525756e+00
1.502991735222038585e+02 2.090070311200043829e+00
1.498937521225290652e+02 2.566166591807728548e+00
1.505486892129808894e+02 2.287185593302004882e+00
1.505511937487436001e+02 2.555723142322331221e+00
1.499244585866441071e+02 2.324721948986971931e+00
1.496806467043547855e+02 2.532379245185881977e+00
